NUM_PREDICTORS 27
TREESTART 1
TREELINE 1 2 3 6 -0.524425 -0.024425 N 0
TREELINE 4 5 6 8 -0.417869 0.082131 N 0
TREELINE 7 8 9 23 0.691628 1.19163 N 0
TREELINE 10 11 12 4 -0.695583 -0.195583 N 0
TREELINE 13 14 15 16 0.171075 0.671075 N 0
TREELINE 16 17 18 5 -0.613049 -0.113049 N 0
TREELINE 19 20 21 22 0.621245 1.12125 N 0
TREELINE 22 23 24 4 -0.652939 -0.152939 N 0
TREELINE 25 26 27 13 -0.0300336 0.469966 N 0
TREELINE 28 29 30 4 -0.696275 -0.196275 N 0
TREELINE 31 32 33 10 -0.266086 0.233914 N 0
TREELINE 34 35 36 13 -0.016527 0.483473 N 0
TREELINE 37 38 39 25 0.820188 1.32019 N 0
TREELINE -1 -1 -1 -1 -1 -1 Y -0.524425
TREELINE -1 -1 -1 -1 -1 -1 Y -0.417869
TREELINE -1 -1 -1 -1 -1 -1 Y 0.691628
TREELINE -1 -1 -1 -1 -1 -1 Y -0.695583
TREELINE -1 -1 -1 -1 -1 -1 Y 0.171075
TREELINE -1 -1 -1 -1 -1 -1 Y -0.613049
TREELINE -1 -1 -1 -1 -1 -1 Y 0.621245
TREELINE -1 -1 -1 -1 -1 -1 Y -0.652939
TREELINE -1 -1 -1 -1 -1 -1 Y -0.0300336
TREELINE -1 -1 -1 -1 -1 -1 Y -0.696275
TREELINE -1 -1 -1 -1 -1 -1 Y -0.266086
TREELINE -1 -1 -1 -1 -1 -1 Y -0.016527
TREELINE -1 -1 -1 -1 -1 -1 Y 0.820188
TREELINE -1 -1 -1 -1 -1 -1 Y -0.469486
TREELINE -1 -1 -1 -1 -1 -1 Y 0.786375
TREELINE -1 -1 -1 -1 -1 -1 Y -0.559298
TREELINE -1 -1 -1 -1 -1 -1 Y 0.263597
TREELINE -1 -1 -1 -1 -1 -1 Y 0.142154
TREELINE -1 -1 -1 -1 -1 -1 Y -0.335685
TREELINE -1 -1 -1 -1 -1 -1 Y -0.79109
TREELINE -1 -1 -1 -1 -1 -1 Y 0.00586165
TREELINE -1 -1 -1 -1 -1 -1 Y 0.134789
TREELINE -1 -1 -1 -1 -1 -1 Y 0.708329
TREELINE -1 -1 -1 -1 -1 -1 Y -0.919718
TREELINE -1 -1 -1 -1 -1 -1 Y -0.783955
TREELINE -1 -1 -1 -1 -1 -1 Y 0.278792
TREELINE -1 -1 -1 -1 -1 -1 Y -0.973778
TREESTART 2
TREELINE 1 2 3 7 -0.469486 0.030514 N 0
TREELINE 4 5 6 25 0.786375 1.28638 N 0
TREELINE 7 8 9 6 -0.559298 -0.059298 N 0
TREELINE 10 11 12 17 0.263597 0.763597 N 0
TREELINE 13 14 15 15 0.142154 0.642154 N 0
TREELINE 16 17 18 9 -0.335685 0.164315 N 0
TREELINE 19 20 21 2 -0.79109 -0.29109 N 0
TREELINE 22 23 24 14 0.00586165 0.505862 N 0
TREELINE 25 26 27 15 0.134789 0.634789 N 0
TREELINE 28 29 30 23 0.708329 1.20833 N 0
TREELINE 31 32 33 1 -0.919718 -0.419718 N 0
TREELINE 34 35 36 3 -0.783955 -0.283955 N 0
TREELINE 37 38 39 17 0.278792 0.778792 N 0
TREELINE -1 -1 -1 -1 -1 -1 Y 0.440369
TREELINE -1 -1 -1 -1 -1 -1 Y -0.796371
TREELINE -1 -1 -1 -1 -1 -1 Y -0.03411
TREELINE -1 -1 -1 -1 -1 -1 Y -0.491289
TREELINE -1 -1 -1 -1 -1 -1 Y 0.353395
TREELINE -1 -1 -1 -1 -1 -1 Y 0.793564
TREELINE -1 -1 -1 -1 -1 -1 Y 0.519791
TREELINE -1 -1 -1 -1 -1 -1 Y 0.440584
TREELINE -1 -1 -1 -1 -1 -1 Y 0.815246
TREELINE -1 -1 -1 -1 -1 -1 Y 0.857221
TREELINE -1 -1 -1 -1 -1 -1 Y -0.244674
TREELINE -1 -1 -1 -1 -1 -1 Y 0.799512
TREELINE -1 -1 -1 -1 -1 -1 Y 0.55776
TREELINE -1 -1 -1 -1 -1 -1 Y -0.351491
TREELINE -1 -1 -1 -1 -1 -1 Y -0.611538
TREELINE -1 -1 -1 -1 -1 -1 Y 0.991106
TREELINE -1 -1 -1 -1 -1 -1 Y -0.677407
TREELINE -1 -1 -1 -1 -1 -1 Y 0.416069
TREELINE -1 -1 -1 -1 -1 -1 Y 0.00303812
TREELINE -1 -1 -1 -1 -1 -1 Y 0.872602
TREELINE -1 -1 -1 -1 -1 -1 Y 0.432647
TREELINE -1 -1 -1 -1 -1 -1 Y -0.789619
TREELINE -1 -1 -1 -1 -1 -1 Y -0.581591
TREELINE -1 -1 -1 -1 -1 -1 Y 0.118793
TREELINE -1 -1 -1 -1 -1 -1 Y 0.410864
TREELINE -1 -1 -1 -1 -1 -1 Y -0.843533
TREELINE -1 -1 -1 -1 -1 -1 Y 0.0210597
